"id","name","categ_id/id","type","list_price","default_code","ean13"
"__export__.product_product_493","แปรงล้างขวดนมแบบหมุนสีฟ้า","ABR","Stockable Product","109.0","ABR10014","8859029901049"
"__export__.product_product_495","แปรงล้างขวดนมแบบหมุนสีฟ้า-เขียว Pack 12","ABR","Stockable Product","1308.0","ABR1001421P12","8859029901049"
"__export__.product_product_494","แปรงล้างขวดนมแบบหมุนสีเขียว","ABR","Stockable Product","109.0","ABR10021","8859029910027"
"__export__.product_product_185","แปรงล้างขวดนมและจุกนมสีฟ้า","ABR","Stockable Product","99.0","ABR1014B","8859029910140"
"__export__.product_product_186","แปรงล้างขวดนมและจุกนมสีชมพู","ABR","Stockable Product","99.0","ABR1014P","8859029910164"
"__export__.product_product_184","แปรงล้างขวดนมและจุกนมสีฟ้า-ชมพู Pack 12","ABR","Stockable Product","1188.0","ABR1014P12","8859029910140"
"__export__.product_product_505","ไมย์แคร์ แผ่นปิดดูดสิว Day 12 ","AP","Stockable Product","139.0","AP3012","4719745501630"
"__export__.product_product_503","ไมย์แคร์ แผ่นปิดดูดสิว Day 6","AP","Stockable Product","79.0","AP3014","4719745501944"
"__export__.product_product_508","ไมย์แคร์ แผ่นปิดดูดสิว Day 30","AP","Stockable Product","360.0","AP3015","4719745501951"
"__export__.product_product_506","ไมย์แคร์ แผ่นปิดดูดสิว Night 12","AP","Stockable Product","169.0","AP3112","4719745501647"
"__export__.product_product_504","ไมย์แคร์ แผ่นปิดดูดสิว Night 6","AP","Stockable Product","89.0","AP3114","4719745502149"
"__export__.product_product_509","ไมย์แคร์ แผ่นปิดดูดสิว Night 30","AP","Stockable Product","390.0","AP3115","4719745502156"
"__export__.product_product_507","ไมย์แคร์ แผ่นปิดดูดสิว Day 3 x Night 3 ","AP","Stockable Product","84.0","AP3212","4719745502187"
"__export__.product_product_295","ไมย์แคร์ แผ่นปิดดูดสิว Day 3 x Night 3 Pack 12","product.product_category_all","Stockable Product","1008.0","AP3212P12",""
"__export__.product_product_296","ไมย์แคร์ แผ่นปิดดูดสิว Day 3 x Night 3 Pack 72","product.product_category_all","Stockable Product","6048.0","AP3212P72",""
"__export__.product_product_315","ไมย์แคร์ แผ่นปิดดูดสิว Day 6 x Night 6","product.product_category_all","Stockable Product","168.0","AP3214",""
"__export__.product_product_496","โต๊ะนั่งกินข้าวสำหรับเด็ก","BS","Stockable Product","1290.0","BS7019","8859029907010"
"__export__.product_product_443","Baby Bathtub อ่างอาบน้ำเด็กขนาดใหญ่ สีฟ้า","BT","Stockable Product","790.0","BT0211","8859029902114"
"__export__.product_product_173","Baby Bathtub อ่างอาบน้ำเด็กขนาดใหญ่ สีชมพู ","BT","Stockable Product","790.0","BT0216","8859029902268"
"__export__.product_product_174","Baby Bathtub อ่างอาบน้ำเด็กขนาดใหญ่ สีครีม","BT","Stockable Product","790.0","BT0219","8859029902190"
"__export__.product_product_444","Baby Bathtub อ่างอาบน้ำเด็กขนาดกลาง สีฟ้า","BT","Stockable Product","650.0","BT0221","8859029902213"
"__export__.product_product_445","Baby Bathtub อ่างอาบน้ำเด็กขนาดกลาง สีชมพู","BT","Stockable Product","650.0","BT0226","8859029902268"
"__export__.product_product_175","Baby Bathtub อ่างอาบน้ำเด็กขนาดกลาง สีขาว","BT","Stockable Product","650.0","BT0229",""
"__export__.product_product_282","Baby Bathtub อ่างอาบน้ำเด็ก สีฟ้าใส","BT","Stockable Product","820.0","BT0230","8859029902312"
"__export__.product_product_283","Baby Bath Chair ที่กันลื่น สีเบจ","BT","Stockable Product","320.0","BT0235",""
"__export__.product_product_446","Baby Bath Chair ที่กันลื่น สีขาว","BT","Stockable Product","320.0","BT0239","8859029902398"
"__export__.product_product_299","Fisher Price ขวดนมทรงกลม 4 ออนซ์","product.product_category_all","Stockable Product","75.0","BT1001",""
"__export__.product_product_300","Fisher Price ขวดนมทรงกลม 8 ออนซ์","product.product_category_all","Stockable Product","79.0","BT1002",""
"__export__.product_product_301","Fisher Price ขวดนมทรงถั่ว 4 ออนซ์","product.product_category_all","Stockable Product","75.0","BT1003",""
"__export__.product_product_302","Fisher Price ขวดนมทรงถั่ว 8 ออนซ์","product.product_category_all","Stockable Product","79.0","BT1004",""
"__export__.product_product_303","Fisher Price ขวดนมทรงถั่วแขนจับ 4 ออนซ์","product.product_category_all","Stockable Product","79.0","BT1005",""
"__export__.product_product_304","Fisher Price ขวดนมทรงถั่วแขนจับ 8 ออนซ์","product.product_category_all","Stockable Product","85.0","BT1006",""
"__export__.product_product_305","Disney ขวดนมทรงกระบอก 8 ออนซ์","product.product_category_all","Stockable Product","45.0","BT1007",""
"__export__.product_product_436","Baby Bathtub อ่างอาบน้ำเด็กยกระดับ สีขาว","BT","Stockable Product","490.0","BT2019","8859029902015"
"__export__.product_product_437","Baby Bathtub อ่างอาบน้ำเด็กยกระดับ สีฟ้า ","BT","Stockable Product","490.0","BT2021","8859029902022"
"__export__.product_product_439","Baby Bathtub อ่างอาบน้ำเด็กยกระดับสีฟ้า-ขาว-เหลือง Pack 6","BT","Stockable Product","2940.0","BT20215819P6","8859029902022"
"__export__.product_product_440","Baby Bathtub อ่างอาบน้ำเด็กขอบจับ สีฟ้า","BT","Stockable Product","450.0","BT2031","8859029902039"
"__export__.product_product_442","Baby Bathtub อ่างอาบน้ำเด็กขอบจับ สีฟ้า-ชมพู Pack 6","BT","Stockable Product","2700.0","BT203146P6","8859029902039"
"__export__.product_product_441","Baby Bathtub อ่างอาบน้ำเด็กขอบจับ สีชมพู","BT","Stockable Product","450.0","BT2046","8859029902046"
"__export__.product_product_438","Baby Bathtub อ่างอาบน้ำเด็กยกระดับ สีเหลือง","BT","Stockable Product","490.0","BT2058","8859029920583"
"__export__.product_product_284","Baby Wipe 80 Sheets ผ้าเช็ดทำความสะอาดผิว 80 แผ่น","product.product_category_all","Stockable Product","119.0","BW1801","8859029918016"
"__export__.product_product_316","Baby Wipe 80 Sheets ผ้าเช็ดทำความสะอาดผิว 80 แผ่น Pack 2","product.product_category_all","Stockable Product","119.0","BW1801P2",""
"__export__.product_product_285","Baby Wipe 24 Sheets ผ้าเช็ดทำความสะอาดผิว 24 แผ่น Pack 6","product.product_category_all","Stockable Product","234.0","BW1802P6","8859029918023"
"__export__.product_product_498","ปั๊มนมไฟฟ้า  สีฟ้า","EP","Stockable Product","1990.0","EP9021","8859029990210"
"__export__.product_product_499","ปั๊มนมไฟฟ้า สีเขียว","EP","Stockable Product","1990.0","EP9024","8859029990241"
"__export__.product_product_289","ถ้วยหัดดื่มแขนจับ 2 Handle cup สีฟ้า","product.product_category_all","Stockable Product","69.0","FD1231","8859029912311"
"__export__.product_product_298","ถ้วยหัดดื่มแขนจับ 2 Handle cup สีฟ้า-ส้ม-ชมพู Pack 12","product.product_category_all","Stockable Product","828.0","FD12313536P12",""
"__export__.product_product_176","ถ้วยหัดดื่มแขนจับ 2 Handle cup สีฟ้า-ส้ม-ชมพู Pack 72","product.product_category_all","Stockable Product","4968.0","FD12313536P72","8559029912310"
"__export__.product_product_290","ถ้วยหัดดื่มแขนจับ 2 Handle cup สีส้ม","product.product_category_all","Stockable Product","69.0","FD1235","8859029912359"
"__export__.product_product_291","ถ้วยหัดดื่มแขนจับ 2 Handle cup สีชมพู","product.product_category_all","Stockable Product","69.0","FD1236","8859029912366"
"__export__.product_product_292","กระติกน้ำแบบมีหลอดดูด Sport sipper cup สีฟ้า","product.product_category_all","Stockable Product","99.0","FD1271","8859029912717"
"__export__.product_product_297","กระติกน้ำแบบมีหลอดดูด Sport sipper cup สีฟ้า-เขียว-ชมพู Pack 12","product.product_category_all","Stockable Product","1188.0","FD12717476P12",""
"__export__.product_product_288","กระติกน้ำแบบมีหลอดดูด Sport sipper cup สีฟ้า-เขียว-ชมพู Pack 6","product.product_category_all","Stockable Product","99.0","FD12717476P6","8859029912748"
"__export__.product_product_177","กระติกน้ำแบบมีหลอดดูด Sport sipper cup สีฟ้า-เขียว-ชมพู Pack 72","product.product_category_all","Stockable Product","7128.0","FD12717476P72","8859029912748"
"__export__.product_product_293","กระติกน้ำแบบมีหลอดดูด Sport sipper cup สีเขียว","product.product_category_all","Stockable Product","99.0","FD1274","8859029912748"
"__export__.product_product_294","กระติกน้ำแบบมีหลอดดูด Sport sipper cup สีชมพู","product.product_category_all","Stockable Product","99.0","FD1276","8859029912762"
"__export__.product_product_497","ปั๊มนมก้านโยก สีขาว","MP","Stockable Product","550.0","MP9010","8859029909014"
"__export__.product_product_308","Fisher Price จุกนมซิลิโคน Size S Pack 3","product.product_category_all","Stockable Product","59.0","NP1101",""
"__export__.product_product_309","Fisher Price จุกนมซิลิโคน Size M Pack 3","product.product_category_all","Stockable Product","59.0","NP1102",""
"__export__.product_product_310","Fisher Price จุกนมซิลิโคน Size L Pack 3","product.product_category_all","Stockable Product","59.0","NP1103",""
"__export__.product_product_311","Fisher Price จุกดูดเล่น รุ่นโฟล","product.product_category_all","Stockable Product","75.0","PF1201",""
"__export__.product_product_312","Fisher Price จุกดูดเล่น รุ่นเอสเซนส์","product.product_category_all","Stockable Product","75.0","PF1202",""
"__export__.product_product_492","เตียงนอนสำหรับเด็ก PlayPen","HL","Stockable Product","5490.0","PP1107","8859029911079"
"__export__.product_product_178","Baby Potty กระโถนปลาหมึก สีฟ้า","PT","Stockable Product","650.0","PT0811","8859029908116"
"__export__.product_product_179","Baby Potty กระโถนปลาหมึก สีเขียว","PT","Stockable Product","650.0","PT0814","8859029908147"
"__export__.product_product_180","Baby Potty กระโถนปลาหมึก สีชมพู","PT","Stockable Product","650.0","PT0816","8859029908161"
"__export__.product_product_182","Baby Potty กระโถนเครื่องบิน สีฟ้า","PT","Stockable Product","650.0","PT0821","8859029908215"
"__export__.product_product_183","Baby Potty กระโถนเครื่องบิน สีเขียว","PT","Stockable Product","650.0","PT0824","8859029908246"
"__export__.product_product_181","Baby Potty กระโถนเครื่องบิน สีแดง","PT","Stockable Product","650.0","PT0827","8859029908277"
"__export__.product_product_502","กระโถนสำหรับเด็ก 3in1","PT","Stockable Product","690.0","PT8019","8859029908017"
"__export__.product_product_501","กระโถนเด็ก Music สีฟ้า","PT","Stockable Product","790.0","PT8031","8859029908031"
"__export__.product_product_500","กระโถนเด็ก Music สีชมพู","PT","Stockable Product","790.0","PT8062","8859029908062"
"__export__.product_product_286","Baby Rocker Toy2 เก้าอี้โยกของเล่น สีฟ้า","RK","Stockable Product","1790.0","RK0111","8859029901117"
"__export__.product_product_287","Baby Rocker Toy2 เก้าอี้โยกของเล่น ชมพู","RK","Stockable Product","1790.0","RK0116","8859029901162"
"__export__.product_product_431","เปลโยกเด็ก Music สีฟ้า","RK","Stockable Product","2490.0","RK1017","8859029901018"
"__export__.product_product_432","เปลโยกเด็ก Music สีเขียว","RK","Stockable Product","2490.0","RK1024","8859029901025"
"__export__.product_product_427","เปลโยกเด็ก Bear สีน้ำตาล","RK","Stockable Product","2290.0","RK1032","8859029901032"
"__export__.product_product_429","เปลโยกเด็ก Bear สีฟ้า","RK","Stockable Product","2290.0","RK1041","8859029901049"
"__export__.product_product_433","เปลโยกเด็ก Toy สีชมพู","RK","Stockable Product","1790.0","RK1056","8859029901056"
"__export__.product_product_434","เปลโยกเด็ก Toy สีฟ้า","RK","Stockable Product","1790.0","RK1061","8859029901063"
"__export__.product_product_435","เปลโยกเด็ก Toy สีฟ้า-ชมพู Pack 2","RK","Stockable Product","3580.0","RK106156P2","8859029901063"
"__export__.product_product_430","เปลโยกเด็ก Bear Music สีฟ้า","RK","Stockable Product","2590.0","RK1117","8859029901117"
"__export__.product_product_428","เปลโยกเด็ก Bear Music สีน้ำตาล","RK","Stockable Product","2590.0","RK1124","8859029901124"
"__export__.product_product_474","รถเข็นเด็ก Mini สีแดง","SL","Stockable Product","1290.0","SL5017","8859029905016"
"__export__.product_product_473","รถเข็นเด็ก Mini สีฟ้า","SL","Stockable Product","1290.0","SL5021","8859029905023"
"__export__.product_product_475","รถเข็นเด็ก Mini สีแดง-ฟ้า Pack 2","SL","Stockable Product","2580.0","SL502117P2","8859029905023"
"__export__.product_product_476","รถเข็นเด็ก Compact สีฟ้า","SL","Stockable Product","1690.0","SL5031","8859029905030"
"__export__.product_product_477","รถเข็นเด็ก Compact สีแดง","SL","Stockable Product","1690.0","SL5047","8859029905047"
"__export__.product_product_478","รถเข็นเด็ก Compact สีเขียว","SL","Stockable Product","1690.0","SL5054","8859029905054"
"__export__.product_product_481","รถเข็นเด็ก Mini2 สีแดง","SL","Stockable Product","1390.0","SL5057","8859029950573"
"__export__.product_product_482","รถเข็นเด็ก Mini2 สีแดง Logo B","SL","Stockable Product","1390.0","SL5057B","8859029950573"
"__export__.product_product_485","รถเข็นเด็ก Mini2 สีแดง Damage","SL","Stockable Product","1390.0","SL5057D","8859029950573"
"__export__.product_product_479","รถเข็นเด็ก Mini2 สีเขียว","SL","Stockable Product","1390.0","SL5064","8859029950641"
"__export__.product_product_484","รถเข็นเด็ก Mini2 สีแดง-เขียว Logo B Pack 4","SL","Stockable Product","5560.0","SL506457BP4","8859029950641"
"__export__.product_product_483","รถเข็นเด็ก Mini2 สีแดง-เขียว Pack 4","SL","Stockable Product","5560.0","SL506457P4","8859029950641"
"__export__.product_product_480","รถเข็นเด็ก Mini2 สีเขียว Logo B","SL","Stockable Product","1390.0","SL5064B","8859029950641"
"__export__.product_product_488","รถเข็นเด็ก Maxi สีแดง","SL","Stockable Product","1990.0","SL5077","8859029950818"
"__export__.product_product_489","รถเข็นเด็ก Maxi สีแดง Logo B","SL","Stockable Product","1990.0","SL5077B","8859029950818"
"__export__.product_product_486","รถเข็นเด็ก Maxi สีฟ้า","SL","Stockable Product","1990.0","SL5081","8859029950849"
"__export__.product_product_491","รถเข็นเด็ก Maxi สีฟ้า-แดง Logo B Pack 2","SL","Stockable Product","3980.0","SL508177BP2","8859029950849"
"__export__.product_product_490","รถเข็นเด็ก Maxi สีฟ้า-แดง Pack 2","SL","Stockable Product","3980.0","SL508177P2","8859029950849"
"__export__.product_product_487","รถเข็นเด็ก Maxi สีฟ้า Logo B","SL","Stockable Product","1990.0","SL5081B","8859029950849"
"__export__.product_product_471","เครื่องนึ่งขวดนม Dryer Teflon สีเขียว","SZ","Stockable Product","2790.0","SZ4034","8859029904040"
"__export__.product_product_472","เครื่องนึ่งขวดนม Dryer Teflon สีเขียว Pack 2","SZ","Stockable Product","5580.0","SZ4034P2","8859029904040"
"__export__.product_product_469","เครื่องนึ่งขวดนม Dryer Teflon สีฟ้า","SZ","Stockable Product","2790.0","SZ4041","8859029904033"
"__export__.product_product_470","เครื่องนึ่งขวดนม Dryer Teflon สีฟ้า Pack 2","SZ","Stockable Product","5580.0","SZ4041P2","8859029904033"
"__export__.product_product_464","เครื่องนึ่งขวดนม Stand Teflon สีเขียว ","SZ","Stockable Product","1190.0","SZ4054","8859029904057"
"__export__.product_product_465","เครื่องนึ่งขวดนม Stand Teflon สีเขียว Pack 2","SZ","Stockable Product","2380.0","SZ4054P2","8859029904057"
"__export__.product_product_466","เครื่องนึ่งขวดนม Stand Teflon สีฟ้า ","SZ","Stockable Product","1190.0","SZ4061","8859029904064"
"__export__.product_product_468","เครื่องนึ่งขวดนม Stand Teflon สีฟ้า-เขียว Pack 2","SZ","Stockable Product","2380.0","SZ406154P2","8859029904064"
"__export__.product_product_467","เครื่องนึ่งขวดนม Stand Teflon สีฟ้า Pack 2","product.product_category_all","Stockable Product","2380.0","SZ4061P2","8859029904064"
"__export__.product_product_462","เครื่องนึ่งขวดนม Timer Teflon สีฟ้า","SZ","Stockable Product","1590.0","SZ4071","8859029904019"
"__export__.product_product_463","เครื่องนึ่งขวดนม Timer Teflon สีฟ้า-ชมพู Pack 2","SZ","Stockable Product","3180.0","SZ407186P2","8859029904019"
"__export__.product_product_461","เครื่องนึ่งขวดนม Timer Teflon สีชมพู","SZ","Stockable Product","1590.0","SZ4086","8859029904026"
"__export__.product_product_306","Fisher Price ยางกัดคลูเพลย์","product.product_category_all","Stockable Product","82.0","TC1203",""
"__export__.product_product_307","Fisher Price ยางกัดแอคทิวิตี้","product.product_category_all","Stockable Product","82.0","TC1204",""
"__export__.product_product_447","รถหัดเดินเด็ก 2in1 สีฟ้า","WK","Stockable Product","1390.0","WK3011","8859029903012"
"__export__.product_product_450","รถหัดเดินเด็ก 2in1 สีฟ้า-ชมพู-เขียว Pack 4","WK","Stockable Product","5560.0","WK30112634P4","8859029903012"
"__export__.product_product_448","รถหัดเดินเด็ก 2in1 สีชมพู","WK","Stockable Product","1390.0","WK3026","8859029903029"
"__export__.product_product_449","รถหัดเดินเด็ก 2in1 สีเขียว","WK","Stockable Product","1390.0","WK3034","8859029903036"
"__export__.product_product_452","รถหัดเดินเด็ก Fish 8ล้อ สีชมพู","WK","Stockable Product","990.0","WK3046","8859029903043"
"__export__.product_product_453","รถหัดเดินเด็ก Fish 8ล้อ สีฟ้า","WK","Stockable Product","990.0","WK3051","8859029903050"
"__export__.product_product_457","รถหัดเดินเด็ก Delux 4in1 สีฟ้า ","WK","Stockable Product","2490.0","WK3061","8859029903074"
"__export__.product_product_458","รถหัดเดินเด็ก Delux 4in1 สีชมพู","WK","Stockable Product","2490.0","WK3076","8859029903067"
"__export__.product_product_454","รถหัดเดินเด็ก Flower สีฟ้า","WK","Stockable Product","1090.0","WK3081","8859029903081"
"__export__.product_product_456","รถหัดเดินเด็ก Flower สีฟ้า-ชมพู Pack 4","WK","Stockable Product","4360.0","WK308196P4","8859029903081"
"__export__.product_product_455","รถหัดเดินเด็ก Flower สีชมพู","WK","Stockable Product","1090.0","WK3096","8859029903098"
"__export__.product_product_459","รถหัดเดินเด็ก Rock and Run สีฟ้า ","WK","Stockable Product","1690.0","WK3121","8859029931213"
"__export__.product_product_510","รถหัดเดินเด็ก Rock and Run สีฟ้า-ชมพู Pack 2","WK","Stockable Product","3380.0","WK312136P2","8859029931213"
"__export__.product_product_460","รถหัดเดินเด็ก Rock and Run สีชมพู","WK","Stockable Product","1690.0","WK3136","8859029931367"
"__export__.product_product_172","รถหัดเดินเด็ก Fish 6ล้อ สีชมพู","WK","Stockable Product","990.0","WK3246","8859029903043"
"__export__.product_product_171","รถหัดเดินเด็ก Fish 6ล้อ สีฟ้า","WK","Stockable Product","990.0","WK3251","8859029903050"
